5210126895771564631
14385343067280922107
4534948047924054822
16143861169207470877
6657839278571354949
16824138555987171505
768566811695874221
8179620620402077911
4027972057749564175
9865425691791955507
10350945989913519959
9439423245054636169
540425024338887906
230188661470512307
10094228625912679757
13125055614467754113
5573112928346687724
6755639105932549963
10127137948496582813
10275272214249764322
14563832097764178070
9088089667533787176
14532732647813684479
3751956355220890645
4203202468743856907
12383486441323076261
6820228121876918356
6442439761971373170
15239225329081503847
9896143200225366277
4079058354863859128
12837432938272817092
3290263621254777598
16392288870068549704
2988665303567990074
16420979404573287957
1207800523018324458
10007997501706312953
8525903213194961639
3296559331404708539
2697896197644616201
13992372321575530082
14564730938156338186
14302602524756220088
9858530731606241878
4740573411056440878
13053160930928012601
1492201587369556712
9422976688030761883
3043736654462344460
809408814000099012
11650173916580687159
253834313511838458
14710138878160995403
1390506880486898349
1341084357329133090
5457451966333147193
17377078064062901185
11776350155058354577
9080971253089903679
8907105704569659873
10233780218528381984
10464482088657389529
9222682936326731444
11152637849971837339
6569057725137371403
12680809082710661587
4390272516816568148
527033343038584498
15126198805497264703
604582706538868440
13994559190276230494
5762811793182645870
9094879222772808073
6221948995208253471
6932808824372084914
17125338582155243418
13997565001951895570
16260376871867327806
3738004027082454698
5963630586787557182
2957545998986011806
2754547569695608631
7330928026163688153
5651955582801024129
16272567476530345008
1886349199576693127
8092811576481865300
17390121254458853624
1344981428679266859
8726537462966390503
13213860767602011735
2859923595152570408
10172456075838532014
6049086914371832759
8860246227416526826
10604982550692936148
14691309517431417149
10012936678655962005
5058137805170142018
12578883016160398637
478724889459499190
3627722550068517848
17756002141158044315
7107477377613944483
10544093859220087837
17445030682986661752
15658368388575566257
14907411931026035092
15738520444885124935
2104871233055231754
13979360428669149762
5465848851710771282
17293137520501427409
4409721984847741106
4708331790420604370
14685305859506653592
6990569144863310320
516157745139923500
9441037483549354905
7472648163564481595
13744766825345078954
234711460153856939
14193285011400555208
9524653355430346673
7247843140960128808
11155718344681144674
14962433991831980286
9847709280501982963
17052448664311232398
13009987252836891806
3337008474566446738
14421881792425100553
17450749837556412743
56283059279531612
14724771675687369748
12219104447493026941
6105567543532125952
3207743050437352419
10805344106261280913
15832482733851625660
6752547140428260897
12093420122557325056
14463076561207549731
2945401194650286424
7393922177022130268
16184484977791585534
11046902952816692395
14361078445394672309
17874616940499839795
14235572909104148458
13698339314890150986
14571577272695467731
7662092381735196338
13008754911904797686
2131816889919386190
16505393314967498527
1895358361591714051
4840194985496731554
8810695890047033128
8178556015073239613
1198536698711840725
17940625256588380809
8488256973226678271
9265808971269379377
6071355039371913713
17261841465531725816
12079750451472190603
4914253947210144565
14210596177791782648
1183175755845866274
2565226608888879306
6140832373776499429
11670593887102286351
12672956452858771503
3741561403322829047
8430097010519459457
7849537582407479912
6145054488202249116
2894410336293869111
12015927027582890669
16073412078979338470
10453695869530439556
15160970707111507895
5924330652310568118
10132692693012262949
17253897750338078460
1660254756368526810
3667708467018220010
14532861856434964761
10733132660070004616
14590611446459758059
1842216128850352968
11590883564339962564
8676994891416891778
6268155704659598026
8279843538321906679
11880814729008486308
1037556526971785153
18399523151059785489
5874965744972310390
5450231282463773059
14372399375226310805
7268360344953122929
6323552958504814166
9736881674487795173
16405973229787268009
4120637818651018148
1598498435736932921
12063192368634008766
10682514051677349537
12767814567677801516
10905925448434483931
9296857416865998930
14480501383410921205
16389881679076977870
11597091502686739446
7438382283120018701
14344720211248871332
13069418196025377219
3399072489175527674
1346289264672517110
16835041283480669991
16665657774093700987
1206506306086382790
1286824858466483520
9461351509460704112
3655995825099212981
14059940481668842395
1169383123809501136
489629526410959378
10073734867174467692
11890153645109129388
8506475987797563489
1494965332053680944
6647754964052160885
16676747717990159981
6691221469472300517
18072509768635773703
946621090280928253
7662763578977945540
1679754024535983606
15097408307717054527
12376755422481148646
10195946616951554756
15047842752699787058
17268895769936040552
11660743281612094466
613279615331378716
5232471714807690549
6557479298753912597
3674857536663826501
5063137400586913400
2083447495925967098
16835078914794584768
16105676609425845630
6525038435220060922
235998201550687056
4607179917786986927
12440971942128270007
9759318885052644890
11680971285458108897
17520269031696545160
2267379904449562494
14010324971889451303
6573937337074786789
16628949474738819642
16092172696108644706
8818571596028162755
7622898771936156992
2764265152926901440
11851581689212838198
6407128254985478969
15319449682748782457
17154756687510162077
13663854055707029155
17309313513606136051
12390108893368423235
17667612113874242828
2294664403032359568
8470762513109852279
8418530932082138231
18349961732735552988
10164987680077866173
11470041119388699056
13885289033697259516
4009852924285915759
1112258810546803220
11624066729687016704
16662394496127101836
18290918336624922948
13082250987799364377
2406541539902377371
17439752066947055466
7370382509794786792
18323339947969292313
5380148087988015145
8689565654832818851
16713961627477989108
6324395161321294478
9748486975491677249
8277100738532957627
5788106527086612790
12569484660668345792
439177436979273710
1560016561597475632
18136035451708269012
11186065591062774682
4522486849782068181
17902658420282679153
13520343035640221173
16979278546585814703
11483655477756458692
220709595683871791
6932456641049701983
15394302081639929639
15357739613152226533
10420454219159194568
3562395749543876877
11228120407969593391
6483464904189094547
10726919092168237634
7471103706788968735
9379877023814839570
5853734115670014630
8166929196449478548
10407200602566863845
3205113912331736684
4154675573611906744
6890607585802977572
16764239604318931533
14404119714453001051
4095963263270834968
8856196508090304614
10591049126494839335
11400599539878976087
14506822555118637303
17482634370691316795
14726838798683661271
13122057059491190478
14361357920847845962
6470604584822381689
1428523286095428758
4076508480924206635
6481363103145292096
3712954657011426019
1389495529582688620
16418139890930731918
4621438366323819004
9624072779306693289
4496162734476774574
1032961492023184691
7453690077867207596
291253704304881279
16292568013735435236
400862037212868036
16719298966068234335
10907608406764609638
2357723772277862088
6160345641581754467
12618431004016400733
8515335300889917583
4363979378662561625
2590991273118698775
270612433283750238
1215116036256193239
4675640883010839722
13790584931997415497
11464859349355485756
13641045262640726974
16247194765514046527
3860128158704668234
12829629737216086047
18090784562600427246
14920580410075441460
11701199367968977156
6999252882202274736
10727293816965759593
994741021826406822
9575394782129637202
8847415050962226333
5192064845557446633
13268925229957135140
14180997200823344550
14466963513551701607
6556114672123219474
6847286184148248729
7946972214010054707
12445379300046354472
15166908172233784657
16564968668411388290
3357056119762117707
17606517391873726787
375285636362540982
1570917244589747182
8918943444614877123
16615670202080559782
214815939527854956
8438713246225496821
10013798967618982691
5811790927485823907
18216554728783298802
9890170448541155385
8839032244017536329
4595585020935921013
496989551013066098
16293982680555112717
12755716224738133637
13981064421443390412
14908112592195222960
245756927873019451
8339281912367769740
9942086435541594002
9233894029644443250
2789319939051033973
6537388087713556563
8294785356753607647
11902045463811478509
8576403607511927205
9461424027638298321
14417241558444331917
2250735341742791813
6133682676712096895
12063014469011404536
5459534859505208016
2855893023186766615
15323923512550067732
2143624480565096284
139164325674908857
9570991440793641171
9106345947828193600
6908426408827726084
17726283904779146212
1215135800162249484
12871829279556688231
16013320978645997018
15373128956558588666
15236491366442417044
6541017437088808673
5037123420425465164
2956494784022109571
2627194076599725
4729263983399965587
7923330782379784096
6340493123347227194
17934145553611412557
12835670440971055417
5484690215159884505
6087816015078984905
10001523265473499410
9578265471528186271
4415832249743165511
581974755861574402
18392942755420951398
17854897111401279265
17979900960392194814
533609656300478362
11490426181493764406
15935209477982163221
13756893686784594330
470201212426669510
15362960752344335255
17673129216527124322
13305796263962676769
14865631481889448747
3626368035090303275
6714233930890301044
7420556965571306443
16396962452228692218
8189103033409914941
12255855191804143992
17069826127730857538
4622677193712195623
7927664943227530731
11364939905153534839
15876718310564119401
2933693770743976970
17037348595587988389
6719171675013081426
7414914170253579930
4206329959063007444
8261008721862618125
4990316565563338544
4332873381017213700
8971391430935284517
11788436599878636239
3284902019820103532
9854888584078806972
15861138496763234585
11152427130608631485
16054624099145039073
7966372922625300382
6199903089050590149
1512575685360705196
2293248083040481206
9519055641942669914
3907905130716077959
6011221886486518421
12228029194573366730
209471546270064974
4501762756633733928
12893867864269554524
95468093698709269
10823336729102868188
16646025646296289127
2738426099031998492
13249141131396403158
599708003071892860
15284526685613755960
9354704764008344919
8698517311505691438
6215345892492493927
4136410910996201406
5413866966712560713
655311735098128724
10499349321220857129
10051364977260758311
16848096534990743144
9185631876405489056
140838531215805103
2496926722978213156
5873260151754647164
14893610359388348381
16755258458430879112
8453555515428257334
2744782012592304931
11102745085850595046
10530606552754394246
13607335642516939658
16327855111650669253
13635390847840432335
6902801996470021933
7291675956981824114
6603621617204112790
8963696686608203716
17777422002295849115
299403745863579813
14659828386470852018
12263606193951684800
12629129017248316711
7157500254758651225
18371296230073467901
2021009232045832318
3200323063523290900
7432715532301288820
62731499992210410
17974089481552503981
11307790874574324169
1288808886264502889
376136553052884870
826746624720672057
13447473589985999447
584309153744558738
7691406730593660438
5667132446307111391
18308462131779026839
2966538667395529065
5849604626198284559
12701113790465828774
13845689387064286915
12441058363678264113
17760189051599338419
18234506621441032857
16721846335378255774
3598502671616540991
10928398415417832205
12768881601974794935
12207341391691004228
5903509280581378071
15867998142851740944
10683136223296771367
4387277869786783287
9505660373673819238
11647489648535549357
17949253885241390765
9288348593050560063
14323849729532169794
1751596688076448670
11719801467703819684
12468284861410099650
17327170630680220165
6893112986892128191
2259267953832068516
18248954151763867312
10443099036972714675
8688495155433758964
17553956767386608137
3009799489092337078
7067315079985368673
6560528448730715400
892343300551955556
15889811995149206363
13200501184055161
12690876213066389091
18421294220518763323
5806205482326505916
8849484965897779367
14042062876404636383
4496120102649298837
17629432331804157995
2453702080187370192
64181459268961918
12516276412417540865
7190261721133691428
2808176950871757590
3520287365736772620
2521470441125076543
18097902468981868999
4119604422987556471
5762814576515814524
10786246408320932486
12099144280161817909
15615010040470028375
15461014592250461979
368417887788973776
5925784194631154510
10858116844343066412
10515488234097838818
14853114481095835091
6860066890936113426
18166880225535035713
7227833816357141827
10259985309329216586
13152746208112617141
3627148083187242997
10685714533842087639
15107202524804927777
2552563196429120346
8684893732546848124
8799865144242511203
10458003891271502174
18274985659949844811
16362739502075608775
10689128144634698136
12839479678621939345
9229834708499830532
5909512671717993037
9889639776217336383
9549909743671404512
10815018943287276019
8529879152370213003
14916907213344276609
15263527457511182984
4554497655531491529
6508946718428915648
12397847780508217887
1982403534459213727
3404421338858382579
16692559851001253778
3448975356092896913
5329961008036473663
5132777429362399427
12941972982121131375
18298406711525529190
17185736210821748897
9745672186662273698
6940679227213840637
2043183386506732799
10564023266863304027
17229499703301748930
14315455918498549925
13241784945393369221
3056508001820546755
6132869903596903503
9526063791869038903
10343823375610752169
8918242315993092930
7371720979770131671
11275387498562954234
15634183890427616151
5347780029500464630
17179988210957960248
14284122527906799908
2151231798031662211
14885053743347518856
12322833816406359718
18155859504940455234
16539131608931036123
6673905445820034614
1627716909643522638
6832774668947772453
15026732554232462312
2523931727761859742
6107493508575415069
13094127027446081700
3781601638274296020
813765059068790848
14859170896615176394
11135325209861194114
4018954997727798802
13062982000326911955
3317256446160221438
10925908042103635453
14638653022360406489
1552084653591825344
357349201607996847
16940717210674949992
10333020699033816323
708674318327945336
526387208163860404
2341742080774619556
9596809897920578632
14997754274120890300
12188430539987059839
16813172195143201842
6595832665393271412
15255206540634746497
2800846148920146613
10661681976545542528
546559800399289965
14253901396704044414
7518190918040388019
14141272606523682014
691763510427879217
14377785999641766162
11285150879155999178
16213930641462051552
13371444857790306302
16287965574719777586
6830627316534644224
2659371581471284377
14374043185458329339
818025205817552637
784942254177008095
12795313827518090458
14410023243810594740
5973498225569171563
17639570705164878120
8166434535978380099
12950256436580317392
284192210301651994
2648410259022604523
15150532228747414665
3985706155372523671
13569531007480321845
7341117050942316045
1595306916499451847
13809699580768342143
6422188969671822595
13803018144989974411
8012316611994205119
1480275251970744359
15082573986501106064
2495361148957412764
4386212247548560852
11900758649570561754
11843669654235893969
11697620739579860031
247661440532196383
9902593162784235507
1448230787901170964
2321692887114640705
3011296911217791128
9372394600342561877
594779482351386255
2087077708742471705
2729005206302672441
5244121806032820225
2983774730166048820
9179852296098132922
12092314543830112291
6072939455030243908
6396757842046702065
11333240060637724053
2471215776512338593
14383992923383719313
11623248448476060040
17658613818790680282
15343606151247202709
12240704642239674687
7145227715810191973
17066929607779249191
14210993995764668322
12757472666747789336
10838924225416402311
8114241444555192530
6634113902500303619
14387554326888147940
3151772839706511808
15361494066702859839
5933413989955177330
6876696722354553058
10385781705733920587
11686715629492054704
17753005352482744126
8837745194785451666
4719316462000603221
11614516462905067001
6848763553972640572
9221614272582940458
3017930354617147650
12319117381126503614
17334684987286874040
1049417444602430239
1336917954213693847
207977291895386466
12694221576275955755
6179977139780810174
10413379917483094125
6109949746292634036
9376964647034100917
8582247047139324722
1941497289731803886
3562608285160445543
13387301247779798545
14825891507261823426
4645115998506642431
11045850276395692812
11613580960634821858
1858269122907768150
3330076978274749357
12124154046303768382
10788371434634622493
13381867087848873994
18166672247027881844
2310094941768923355
6971033509322969997
15152913711813734325
18287696010058834058
13241490525219382302
2295939941423452303
16828349965147705663
16400280894717977552
210759320158672733
9800266642490019711
2655972064399145192
9517421506602918930
4695648448340975743
4633598382744847362
7333222361416468980
17663913788678290582
12544312271166252206
16953512809946965000
13202947472290711960
15013614594851024034
10919130396776418190
7288796953163814882
7756085513207941237
1461645823488246038
2624532305854323549
2768405154090706024
7189094924063759089
7874546032842471774
10562411056536457619
2138199962290859231
4435689013100996268
15454029879230773676
5113576734435971225
1294299394674167919
17015529449834119789
13997608673388203070
4059556647366457026
11592421135459799390
5416058846282642081
13850081294628610702
2709054863049576812
5825766574303091082
10557274442678551510
16221568447284420993
18248655863417033069
14158965975199525511
12788858495888673784
14063532276439017708
12524042651028129571
14609502233178985472
5024009058526724132
8787610630302999284
9759078511460219418
17503421322092963043
5106759904690008232
327659296729812120
13466853443135643000
17686036722278480279
525524009574743368
8712829969795378049
15881241423499706341
17228465453687250059
4682670070134737502
10528157963418514877
18231805883998547241
9575261915567239605
6933571820812860714
10220817531475884508
5592586798714258768
13224006438742854566
10822709335942435399
1036396286678710172
7603469118342116967
12721151331252736743
6060852643038380712
6928061024879133054
724047810780317349
12422208325789319059
378822618398738036
6879394652080060208
14584599196271826285
10098730214246614595
16701351398463907969
18199670654879269548
7831284238359713709
2148165396576285343
16540620731131468824
14935286225308643384
17552770027282436717
10276305621281791923
388464058460031578
7155794254439618751
15564491609739595906
13962542712194305493
15279869049593999671
16321297974780666367
1190447303130784228
2988798391596346005
5205005007352014815
13829001718686596190
11290094181212499023
2874308197416797674
12730950293574754704
408252712797895288
3401009142607841719
4339414383085958085
9872340662005481562
10333918560575916661
14859610726588242211
4946276116615660177
4909037388993908045
15482422852954766921
14156795615083977080
8047355159444795397
6978165113076434056
17639678138945745606
4063618413100989245
1746793892123208621
5374700978677434700
10127647622556802039
7390699452265445677
983480872998816732
5647742266361633577
16838764283037595267
13418974470021750806
12085015610661912364
2155577305778387815
1893457705876718627
14184599700088031244
12672292514806940818
3718479452124281355
16858563245739822621
2841760346645776629
6254226901014810421
3174538829175961432
13159753465218119212
6823729469240731447
18328192570274656176
13739373647439438933
11778211542969712073
14790959434250450650
8549846650392306718
2512383022182664850
5946495173932767504
12200792115845143652
28687580574458677
2897148065237545732
1476546738984746019
749247524735938343
1671853587328870732
10862422706204818438
9148968700096093603
11482369361789338928
8783110238696500756
13102759674449932085
11000844350801454516
17246887344064164928
17228411631315873721
10362099005687487249
17201223772040674554
13996840604132458985
15485892030753101798
1418057067681388438
2787689591309739370
467500403431402105
11428632529506535257
5449985361485384158
8819480641090436505
15398103131584192437
8519240886702589189
17071081090234243253
5161703135502560239
13786969242374962695
7730514026724627709
14087826315087597903
10169878551093143549
7121486525052520978
12927774266594502637
13709980073292101988
18157940583552889350
9277254328690129963
5290952688326882489
15268937837606615562
9954149870062205691
7475997158029013221
